$ANSIBLE_VAULT;1.1;AES256
34343964333865663461636436653333393061336266633261643030613237323462303261653766
3236373666633337396234336333353264356363666436380a363037396135613531393532306434
37633630366565393732356564313239343937356633383635346236633465336365666139633333
3235386532663336340a376665643934613430333530366461666130323331353338623234663639
30613330386264366434666138623136376530633034346537623932616536313335376363373931
37616366353438363732663362343233353565663564386639663764373133636364306339653862
61366132653430656135383932353634663138393161356339386166666163373966336661336339
37646366306635323637626462303337373864643762616235366431656563653733623333313736
63313132333666383638306563653432336164313337393734616663356130303837363563363262
38646462623738386536303430343639316430333762336665363262666534336362306339613930
66616630626163313661633866616231613561393565666433303536366665656261656534376530
36396364303366313435656364326239306364616562313231666163343133333166633934666636
66353433343361323637363064656333313861366336613163313063616233396562643764656133
61633430623564656630363063373731313835646261373732343666386335663539373535653830
35333739343535393434343263383939316636376533333937353138623038396163643938616139
34356537613062316633396439393632396230313363616233636162633435653165663866613335
35343738396233383665353938633734336661626263376261623035376632363132623535383731
30653838373663323735393534343066373262393336373663663766333834366466363164626336
39353737363864323564393239313262303031363962656333653161343230366537346464303461
34623163656136363563373232343866336431623437656366646162363764623839383536343762
32323162303832616631393963343332613164633637383331326439643563316135633235336366
66656539353534626636653361356262313335366232636365646137383831643032346630393932
64663039356436623363653530383234386561336632343233383831316432353032316336373030
65333836313939396435393734393833366365373837356262326461663165653736303663386461
61316566393033663462346231653563616630613738323838326363386136386632383866316231
64313761326631333065373764343033643132393562343533383437613166303434633131393963
34616166663136306230373531303338353063383735356335653531386437363532303864336661
38643061633933373365653961663161653762336434653432623032306366386136653638336433
37633266643630393961613439396333306661306463393330373739313132326365613637303530
36386435376565666534643662663939666161386533623363633033356230336530623038623035
61383536633362356364333230366639393461653938316335396561386139653038356662633832
33313835623738393438323438356135303633633138353831343833316466383364666561376136
62346437376539636432663238633338653638623238333430333866383437316665653365323932
34613738656537346634323836386161356635636466356535363764633964363639343432626363
61666337353330353938306135333064313365653936333337356231623239386433336462343936
37663738653931356165663465333265393065316161656664323638313366383664643532636532
39316337373635393633343066393630383163356636626130636335643831336165383263313439
64373833643733666663366430616665613133663964636439346132653764346163623435343066
35663762646533613465373034396331353233336163373731653538383563363965656438653330
35636234353862316432633161346461356463363434613565373134323730373561633962316437
65383965383339393339326562653936383438323332313366333734356432666338613838633166
36663933663730356463306632386661303162623437353933616433616261333564393964346166
31323536626463323965336264366438633035643236613239376533623762316331616530653635
61613338636463383034363765343761666235393465393738386531383539356238353631393931
33616233653331613732653235643038353163653765653662613036663936343036386538363935
32383434633362353431333333623063356639343931333032306461303230653330326636623961
62303032636463613734366339616262633161393134383030313365336662666262373466646236
33346138656333653930303737333838626339643864393836333732306137393733613765333330
64303261333339323530343766303561616361386363623833333138643932346466326364663333
33633931396436383739333033306332323663326662363262323131636432323666323332353032
65346263303838333965653236343037666561313166613865303938383237653565626434343966
39333931636463636266623666343366333563373431383433356263656632393161343338373761
64326436383137363939626530613037303339656266333064333138396333613939323363366135
30643332336237346131326166313039386630303065346166303264393966333562366437396434
36366230366164636438366237356366396166326638366662333335323261656137313265303332
30363934313466373535613364663933363164366434613732616565623062333866613933363737
62363661323635383733646636336635393664386432306166633762616566386237313734303961
61343835396134316535326165393266306233396166626665373637316266666133306566376363
30363738316533333666316133313930313066353039613261616339646565613838313033643435
38306665613938633561653338353632626231353465663563333133383136333336383365366463
33326365313337646663326534636562623534306365366531653930636536333330323466323832
30363365333834326132656238366135333366346433393231666266613866643137333334633732
63376438383831346662626533626232663262323735343738653338626630613537643336666633
33333465393134626134376166376334396164323132656338653965356566636338313365306266
37633761373539303330623664623934343735643663623835653366653464643034363139666237
39633433663932353465333438656635346663313039613133663139333537333763303631303762
34356233653734643333626663623533343734333730613433626631356138373561626634613663
63326238386434303431326661663964306565626237653338373031633334326637376438366330
30613735316262633532393532616636383637346639663339303235363939303233663334396138
32656666353764613165386638396564616162363832633666393831326231623662643061626262
63653438313162363963663437613634373135326437326336373730336561353833393636626136
37336239373230363237326237656230653838623439646566656539386133333930633035383833
66303931623163396239386362643534623737326662393764346135383530306663353039346633
34633330646336663930633662643438623363303831316133666435383261643162373465616339
65386532666538666661376562333732336332343032663764376439373235323637343564633238
33646437633036373536666532616266323631396636326633323931303039396365316331316237
32613235353437626563643162343466623561386433636337663839383332373562343136643534
62306161336338353830316665626665653737313032623630666631326633393330303461373964
37326134623935376438383831646161373539386332323166376537393139393539666162383034
31333735643838363963393934373734626534386639343465336332313166626233626366323766
63336538383766626532663238626661393734376437343138366331313636653261303162376265
39313438343331313461333731616638306330306566373336343563326233666533623363626431
65343066353332623336366135363762383136333331663664336135653034363364313735633430
39386363393762336435613932376533396132323766303363343135346264656239363236366339
65316462383662626439393230626337383064643338643030666331613564386661303634636136
62343064623564303535393631313733616238633664373836306330653131666235636637333530
64663736653937323632646331653932636562396331343639663664373462333462353466653133
32346532363863303463666338316131363236383036373630646566326664633139626236383738
66653561303031663166656436336663643139383061643239333032333662656161366566396339
35333864633131633236306637396133303062346362353766333438356637353435643332636133
37613962386531643865646530656161346634376635663762383737353366616162343134356533
32663364663963333565623238643264626534333064346431626563633666633835396638643665
64633565346461383531323139663861643331643332616134356466386161346434306538383733
66353635363934663662346266613431653130303964383430353232366437323930396236383835
33393037353432376434323332333162616365613863653866656664633233646662353666656166
36386163616262626139373333663936353961386462353539663366356435316465376330393862
30393531633565616132613035626237303266313961643531613937613962326234313731396631
63363062306332646161323037656662636464353731326234633032396538666465376439343738
62363830373363663935666132323036626565343765613539656361643835336430386131613766
30376163383533613864303133303430376134356461353634376134376332356164663730353436
61366231303765666562306537303166656635363538643435613666613438313465656164323561
65323835373838346465623239343730363263363561363062306435653936633436633962356334
34313239393435643230373964343666386436313439396431633339313939363866616561613638
36303930623236383336633036363432306136373134373537656230663037623836303462666139
64333830346266626433623039393865653961303833373766356264656230656135353165663234
34303135646234306334366238376434323233643561343034356466633239666636613563323037
32323832313337363763383165366566396564396432353233623630326235363562323437613361
37626463316631303932356635306230383434643063306533626637336335353632316539313836
33366239343537326564353761303332373132376333376536666635303830386132303766626336
64613666613138623061363630333565356635626238306233376534386438316434373534663032
37363466373963323030623561323862643461633762636266326231353430313233336465613230
32643361383964633164646536326561656265666465626630303062376533326534653039333261
35666261393566313663616330656332616336663063623464383435346639326333643136393839
62396365363765663864363566623837666665376236356338323330356566313238366330313866
33623439636533303339323363336262326132646464316464383661353833333830373661613730
65323663393562623132333865343039633964636435623139633631336438626635643138373163
61306136343065623861383166363033613335373935623335373663643732623061653132336430
39636130636131376631633166656632666138383364373163343335633861353338303561363030
34616233633566646231656238343234653739393566666134313265613438643439636338373339
31663430643739613537313164643136383861353838626232646130623466303638336135613138
61313633633531616566363930653536666430316532336435376337666366393364313862663463
63623533613138323238633061353839326162363764613335653164636664626635623933343136
64396661316437313030353336333465633239363032643637376535356231326661363533313934
64623136323663323663633233666162633435343361313738643164653934663839366435303362
32363161326462386132623361363937313331653037633335663366333465633431343139313630
32663166633930303130343861313135643865626131663630643931333237303630303261613562
31386236316430366336313664656338343133646130623337383564306539386335383031623930
65633331643065353939663130653233333738316465333838303763663332366237333537393764
31346135303865346436626534316532396136663235326665643565306530613835303730303135
64656262656431346631633536363934353832353863303138653339646461366636666336376330
32323330663338346165383937396366306439333463373163323464313862383861613461333830
35656463396466313136343134393066643965356662386132323936623137663533643636313361
35613363303264623631326561303062303032393933626664623265633630343837313234373235
38333135303035323430306332613863353762653166623261326630326165303136393062616464
34643031366635373734366565323137393339353565336530366237343238396666626533623739
66653864346136386236353466376465363135396362633033623235356435343938623966643733
6539
